perf = [
% Time CPU_Idle Used_RAM Used_Swap
0 93.97 1072696 434496
5 0.05 1914004 434496
10 0.02 2373888 434496
15 0.00 3275344 434496
20 0.00 3635616 434496
26 0.00 3779588 434496
31 0.00 3531232 434496
36 0.00 2886924 434496
41 0.54 2452292 434496
46 0.03 2755672 434496
51 0.00 2614432 434496
56 2.58 2397012 434496
62 1.44 2668920 434496
67 0.05 2524568 434496
72 1.72 3193484 434496
77 0.44 4034624 434496
82 0.95 4577544 434496
87 1.10 5366692 434496
93 0.00 5740568 434496
98 0.00 5993776 434496
103 0.00 6162504 434496
108 0.00 6527008 348480
114 0.00 6434868 251712
119 0.00 6852700 262744
124 0.00 7093760 266856
129 0.00 7358960 266856
135 0.00 7324500 266856
140 0.00 7480308 272240
145 0.00 7316444 287796
150 0.00 7101908 296524
156 0.00 6839620 302924
161 0.00 7034008 306508
166 0.00 6510956 309580
171 0.00 6508840 315468
176 0.00 5738524 315468
182 0.00 5122836 315468
187 0.00 5088628 315468
192 0.00 5093656 315212
197 0.00 4939700 315212
202 0.00 3799268 314956
207 0.00 4189260 314956
213 0.10 3263980 314956
218 7.23 2863136 314956
223 7.20 2852908 314956
228 11.74 2703152 314956
233 32.07 2514432 314956
238 64.30 2559116 314956
243 58.02 2481424 314956
248 36.83 2989844 314956
253 5.44 4415892 314956
258 0.01 5061088 314956
263 0.00 5531948 314956
268 0.00 5197636 314956
273 0.00 5425112 314956
278 0.00 5895472 314956
283 0.00 5728768 314956
289 0.00 5525768 314956
294 0.00 5447556 314956
299 0.00 5321912 314956
304 0.00 5216080 314956
309 0.00 5660536 314956
314 0.00 5394248 314956
320 0.00 4826884 314956
325 0.00 4868368 314956
330 0.00 4545884 314956
335 0.00 4414576 314956
340 0.01 4490376 314956
345 0.00 4939220 314956
351 0.00 5407044 314956
356 0.01 5628280 314956
361 0.05 5522668 314956
366 5.05 5672084 314700
371 1.67 5809348 314700
376 0.00 6393208 314956
381 2.73 6310076 314956
387 0.66 6554240 314956
392 1.70 6514412 314700
397 0.75 6338316 314700
402 0.73 6492068 314700
407 0.55 6294564 314700
412 0.18 6290160 314700
417 0.01 6500408 314444
423 0.00 6384832 314444
428 0.01 6842956 314444
433 0.00 6884632 314444
438 0.00 6613588 314444
444 0.00 7545596 314444
449 0.00 8124860 314444
454 0.00 7545544 314444
460 0.00 7867428 314444
465 0.00 7863068 314444
470 0.00 8298828 314444
475 0.00 9614620 314444
481 0.00 10090368 314444
486 0.00 10265852 314444
491 0.00 10716864 318796
497 0.00 12122784 340300
502 0.00 12039976 342348
507 0.00 11638360 342348
513 0.00 12450736 346956
518 0.00 11683116 347468
523 0.00 10715884 347468
529 0.00 10528716 347468
534 0.00 10902864 347468
539 0.00 10928180 347468
545 0.00 10507928 347468
550 0.00 10767284 350908
555 0.00 10419744 353476
560 0.00 9752040 353476
566 0.00 8666188 353476
571 0.00 9215464 353476
576 0.00 8628452 353476
581 0.00 8716788 353476
586 0.00 8515356 353732
592 0.00 7935156 353476
597 0.00 7159412 353476
602 0.00 7172648 353476
607 0.00 6688812 353476
612 0.01 6549584 353476
618 0.00 6761228 353476
623 0.00 6645708 353476
628 0.00 7041456 353220
633 0.00 7145968 353220
638 0.00 7206084 353220
643 0.00 7340740 353220
649 0.00 7647060 353220
654 0.00 7302544 353220
659 0.00 7901236 355796
664 0.00 7531432 355796
670 0.00 7771268 355796
675 0.00 8064116 355796
680 0.00 7434568 355796
685 0.00 7477824 355796
690 0.00 7509792 355796
696 0.00 7536084 355796
701 0.00 8274672 356052
706 0.00 9027848 356052
711 0.00 9329272 359124
716 0.00 9170332 359124
722 0.00 7925040 363988
727 0.00 7349644 363988
732 0.00 7180700 363988
737 0.03 7878260 363988
743 0.00 7772000 363988
748 0.00 7433356 363988
753 0.00 8074476 363988
758 0.00 8079484 363988
763 0.00 7780304 363732
769 0.00 7533608 363732
774 0.00 7381744 363732
779 0.00 7793016 363732
784 0.00 7027072 363732
789 0.00 7227792 363732
795 0.00 6911004 363732
800 0.00 7363344 363732
805 0.00 6669648 363732
810 0.00 6306568 363732
815 0.00 6819152 363732
820 0.00 6017228 363732
826 0.00 5413816 363476
831 0.00 5209308 363476
836 0.00 5204972 363476
841 0.00 4770560 363476
846 0.00 5038848 363476
852 0.00 5382316 363476
857 0.00 5029900 363476
862 0.00 5260128 363476
867 0.00 5149792 363476
872 0.00 5314564 363476
877 0.00 5534828 363476
882 0.00 5173532 363476
888 0.00 6684004 363476
893 0.00 6236228 363476
898 0.00 6934784 363476
903 0.00 6223304 363220
909 0.00 8674576 363220
914 0.00 10709624 382992
919 0.00 11496656 394256
924 0.00 14055624 412432
929 0.00 15673992 412432
935 0.00 16115500 412432
940 0.00 17362436 418320
945 0.00 18642372 418320
950 0.00 19604140 418320
956 0.00 20337996 431876
961 0.00 21663220 441604
966 0.00 21111848 441604
971 0.00 21719036 441604
977 0.00 20367360 441604
982 0.00 19170152 441604
987 0.00 17648360 441604
992 0.00 16575060 441604
998 0.00 14488396 441604
1003 0.00 12337480 441604
1008 0.00 9921352 441604
1013 0.00 8223872 441604
1018 0.00 7224448 441604
1023 0.00 6907052 441604
1029 0.00 7281508 441604
1034 0.00 7352032 441604
1039 0.00 6841024 441604
1044 0.00 6797616 441604
1049 0.00 7272940 441604
1054 0.00 7877332 441604
1060 0.00 7991304 441604
1065 0.00 8238976 441604
1070 0.00 7236176 441604
1075 0.00 7788028 441604
1080 0.00 6651440 441604
1085 0.01 5839584 441604
1090 0.01 4531228 441604
1095 0.36 4383416 441604
1101 0.13 4673512 441604
1106 0.12 4966660 441604
1111 0.00 4603908 440836
1116 0.00 5183304 440836
1121 0.00 5367432 440836
1126 0.00 5112536 440836
1131 0.00 5056716 440836
1137 0.00 4768292 440836
1142 0.00 5023988 440836
1147 0.00 4825164 440836
1152 0.00 4491964 440836
1157 0.00 4545776 440836
1163 0.00 4183624 440836
1168 0.00 3934640 440836
1173 0.06 3759868 440836
1178 0.31 3865996 440836
1183 0.01 3689756 440836
1188 0.01 3950388 440836
1193 0.00 3915860 440836
1198 0.01 3698200 440836
1203 0.01 3867768 440836
1208 0.02 3708828 440836
1213 0.30 3791232 440836
1219 0.04 4005072 440836
1224 0.01 4172632 440836
1229 0.03 4150824 440836
1234 0.00 4144728 440836
1239 0.00 4401912 440836
1244 0.00 4219596 440836
1249 0.00 4474140 440836
1254 0.00 4028608 440836
1260 0.00 4737896 440836
1265 0.00 4673588 440836
1270 0.00 4618416 440836
1275 0.00 4927132 440836
1280 0.00 4980804 440836
1285 0.00 5268236 440836
1291 0.00 4885868 440836
1296 0.00 5535600 440836
1301 0.00 5799244 440836
1306 0.00 5776308 440836
1311 0.00 5492268 440836
1317 0.00 6220960 440836
1322 0.00 6549524 440836
1327 0.00 7130184 440836
1332 0.00 8111096 440836
1338 0.00 9080684 440836
1343 0.00 9836980 440836
1348 0.00 10242972 440836
1354 0.00 10454380 440836
1359 0.00 12573636 440836
1364 0.00 12986256 440836
1369 0.00 13016396 440836
1375 0.00 14395020 440836
1380 0.00 14813500 440836
1385 0.00 16003472 440836
1391 0.00 16391252 440836
1396 0.00 17217700 440836
1401 0.00 17309052 440836
1407 0.00 17781324 440836
1412 0.00 18041360 440836
1417 0.00 18043160 440836
1423 0.00 18841460 440836
1428 0.00 19377248 440836
1433 0.00 19322516 440836
1439 0.00 18776896 440836
1444 0.00 18973156 440836
1449 0.00 17824252 440836
1455 0.00 17651892 440836
1460 0.00 18173104 441092
1465 0.00 18613748 441092
1471 0.00 18844480 441092
1476 0.00 17447488 441092
1481 0.00 16997020 441092
1487 0.00 17955500 441092
1492 0.00 18140708 441092
1498 0.00 18599796 441092
1503 0.00 19143460 441092
1508 0.00 19653740 441092
1514 0.00 19517496 441092
1519 0.00 18861232 441092
1525 0.00 19105472 441092
1530 0.00 18409940 441092
1535 0.00 18858268 441092
1541 0.00 18447380 441348
1546 0.00 18601572 441348
1551 0.00 19003460 441348
1557 0.00 18273212 441348
1562 0.00 18094208 441604
1567 0.00 18956004 441604
1573 0.00 18309904 441604
1578 0.00 18596124 441604
1583 0.00 18837428 441604
1589 0.00 18060412 441604
1594 0.00 18608016 441604
1599 0.00 18976716 441604
1605 0.00 17997380 441604
1610 0.00 17784976 441604
1615 0.00 16763972 441604
1621 0.00 17006844 441604
1626 0.00 16644368 441860
1631 0.00 16512372 441860
1636 0.00 15957448 441860
1642 0.00 15993104 441860
1647 0.00 15671112 441860
1652 0.00 15928152 441860
1657 0.00 14796060 441860
1662 0.00 15317044 441860
1667 0.00 15555244 441860
1673 0.00 15733760 441860
