perf = [
% Time CPU_Idle Used_RAM Used_Swap
0 99.91 250216 0
5 77.61 728692 0
10 0.08 948040 0
15 0.06 1642092 0
20 0.05 1965800 0
25 0.00 1978560 0
31 0.01 2509488 0
36 0.00 2733388 0
41 0.00 2901244 0
46 0.00 3621544 0
51 0.00 3195080 0
57 0.00 2857488 0
62 0.00 2948976 0
67 0.05 2253104 0
72 0.07 2770660 0
77 0.09 3001972 0
83 0.09 2781912 0
88 0.48 3332384 0
93 1.33 3761460 0
98 0.05 3953828 0
103 0.00 4369848 0
108 0.04 4004180 0
113 0.00 4640528 0
119 0.00 4871220 0
124 0.00 4142512 0
129 0.01 4703472 0
134 0.00 5095032 0
139 0.00 5457788 0
145 0.00 5775476 0
150 0.00 5840160 0
155 0.00 6039492 0
160 0.00 6547788 0
166 0.00 6069064 0
171 0.00 5511208 0
176 0.00 6100496 12
181 0.00 5728056 12
186 0.01 5452416 12
192 0.00 5930416 12
197 0.00 6147592 12
202 0.00 5838196 12
207 0.00 5080136 12
212 0.00 4823268 12
217 0.00 4475216 12
222 0.00 4391056 12
228 0.00 5147180 12
233 0.02 4592408 12
238 0.76 4937404 5412
243 0.03 4892608 9020
248 0.39 4490460 9020
254 0.24 4209328 10044
259 0.01 5012112 11336
264 0.01 4990120 11592
269 0.06 4633764 11592
274 0.11 4683116 12360
279 0.00 4140264 12884
284 0.68 4222648 14164
289 0.84 4650696 15968
295 0.09 4246532 16224
300 0.60 3773948 17260
305 11.92 3269888 17260
310 22.32 3340648 18028
315 15.19 3268836 18540
320 9.91 3987860 19320
325 1.72 3897512 19832
330 2.85 4483104 19832
335 0.09 4445424 19832
340 0.03 4746844 19832
345 0.00 4541800 19832
350 0.03 4445628 19832
356 0.05 4252068 19832
361 0.04 4933424 19832
366 0.19 4796944 19832
371 0.18 4949728 19832
376 0.21 4556724 19832
381 0.39 4782320 19832
386 0.00 5300528 19832
391 0.05 5391476 21380
397 0.04 5388472 21380
402 0.00 6030268 22660
407 0.00 5929712 22660
412 0.00 5843384 22660
417 0.00 6271120 23184
422 0.00 6058576 23184
427 0.00 5971392 23184
433 0.00 6319580 23184
438 0.00 5698180 23184
443 0.00 5913208 23184
448 0.00 6303836 23184
453 0.00 7095596 26268
458 0.00 7280816 26268
463 0.00 7532176 26268
469 0.00 7887416 26268
474 0.00 7907384 26268
479 0.00 7305020 26268
484 0.00 7604572 26268
490 0.00 7290416 26268
495 0.00 7927536 26268
500 0.00 7990764 26780
506 0.00 7604456 26780
511 0.00 8105628 26780
516 0.00 8249312 26780
521 0.00 8647164 26780
527 0.00 8422780 26780
532 0.00 8247496 26780
537 0.00 8117472 26780
542 0.00 8733452 26780
548 0.00 8516176 26780
553 0.00 9054944 26780
558 0.00 8659020 26780
564 0.00 8307004 27048
569 0.00 8624020 27048
574 0.00 9527868 27048
579 0.00 9778760 27304
585 0.00 9350796 27304
590 0.00 9108124 27304
595 0.00 9039512 27560
600 0.00 10153212 29364
606 0.00 9429208 29364
611 0.00 9179508 29364
616 0.00 9152296 29364
621 0.00 9258928 29364
627 0.00 8824976 29364
632 0.00 8191728 29620
637 0.00 7619444 29620
643 0.00 8118584 29620
648 0.00 8763732 36312
653 0.00 9207084 36312
658 0.00 8567160 36312
664 0.00 8688064 37080
669 0.00 9999848 47380
674 0.00 9730248 47380
680 0.00 9803120 47380
685 0.00 10338416 47380
690 0.00 10787268 47380
696 0.00 10457308 47380
701 0.00 10131488 47380
706 0.00 9266068 47380
711 0.00 9484288 47380
717 0.00 9770548 47380
722 0.00 9952200 47380
727 0.00 9880828 50732
732 0.00 9578692 50732
738 0.00 9590200 52280
743 0.00 9558664 52280
748 0.00 9146892 52280
754 0.00 10232556 57168
759 0.00 10403752 62580
764 0.00 10875868 69016
770 0.00 11078224 71332
775 0.00 10446692 71332
780 0.00 10450328 71332
786 0.00 11152832 76488
791 0.00 10133916 76488
796 0.00 9824352 76488
801 0.00 9431356 76488
807 0.00 9701840 76488
812 0.00 9331088 76488
818 0.00 10030216 76488
823 0.00 10174740 76488
828 0.00 10369388 76488
834 0.00 10385964 76744
839 0.00 10010852 76744
844 0.00 9534400 76744
849 0.00 10580804 82668
855 0.00 11394768 91932
860 0.00 11167056 92968
865 0.00 11345444 92968
870 0.00 12892388 99916
876 0.00 12870868 99916
881 0.00 12202332 99916
886 0.00 11646904 99916
892 0.00 11903092 99916
897 0.00 12197748 99916
903 0.00 11406228 99916
908 0.00 11952844 99916
913 0.00 10644132 99916
918 0.00 11287316 99916
924 0.00 9959008 99916
929 0.00 9785484 99916
934 0.00 8710692 99916
939 0.00 9118368 99916
945 0.00 9069564 99916
950 0.00 9167316 99916
955 0.00 8859804 99916
960 0.00 9052548 99916
966 0.00 9562628 99916
971 0.00 9496300 99916
976 0.00 9285620 99916
982 0.00 9607104 99916
987 0.00 9022136 99916
992 0.00 8571084 99916
997 0.00 8699732 99916
1003 0.00 8493036 99916
1008 0.00 8566924 99916
1013 0.00 8930860 99916
1018 0.00 8450836 99916
1024 0.00 8945780 99916
1029 0.00 9321644 99916
1034 0.00 8644516 99916
1039 0.00 8288348 99916
1045 0.00 8785676 99916
1050 0.00 8510080 99916
1055 0.00 8903124 99916
1060 0.00 9361320 99916
1066 0.00 10194448 99916
1071 0.00 10128560 99916
1076 0.00 10218772 99916
1081 0.00 10130524 99916
1087 0.00 9652404 99916
1092 0.00 10420460 99916
1097 0.00 10980880 99916
1102 0.00 11020344 99916
1108 0.00 11054248 99916
1113 0.00 10995480 99916
1118 0.00 11151936 99916
1124 0.00 11679976 99916
1129 0.00 11655604 99916
1134 0.00 11736480 99916
1139 0.00 12465704 99916
1145 0.00 12979872 99916
1150 0.00 11942488 99916
1155 0.00 11992096 99916
1160 0.00 12349572 99916
1165 0.00 13199588 99916
1171 0.00 13496408 101720
1176 0.00 12661792 101720
1181 0.00 12732716 101720
1187 0.00 13381068 101720
1192 0.00 13456860 101720
1197 0.00 12837144 101720
1202 0.00 12930584 101720
1208 0.00 13372924 101720
1213 0.00 12676212 101720
1218 0.00 11783212 101720
1223 0.00 12905592 101720
1229 0.00 13201968 101720
1234 0.00 14584904 103524
1239 0.00 15038452 104804
1245 0.00 14823668 104804
1250 0.00 15482096 112788
1255 0.00 15087640 112788
1261 0.00 13507348 112788
1266 0.00 12855048 112788
1271 0.00 13283652 112788
1277 0.00 12011440 112788
1282 0.00 12136692 112788
1287 0.00 11827852 112788
1292 0.00 11195256 112788
1298 0.00 11729060 112788
1303 0.00 11588452 112788
1308 0.00 10399908 112788
1314 0.00 11046720 112788
1319 0.00 11188396 112788
1324 0.00 10691240 112788
1329 0.00 11627732 112788
1334 0.00 13536816 112788
1340 0.00 13840520 112788
1345 0.00 13313188 112788
1350 0.00 12880108 112788
1355 0.00 11437968 112788
1361 0.00 11854788 112788
1366 0.00 12064420 112788
1371 0.00 12361424 112788
1376 0.00 12281888 112788
1382 0.00 12446216 112788
1387 0.00 12318572 112788
1392 0.00 11501224 112788
1397 0.00 11493180 112788
1402 0.00 12321288 112788
1408 0.00 13215128 112788
1413 0.00 12717872 112788
1418 0.00 12397604 112788
1423 0.00 12064484 112788
1428 0.00 11944924 112532
1434 0.00 12609484 112532
1439 0.00 13783552 112532
1444 0.00 13409048 113044
1449 0.00 12885436 113044
1455 0.00 12970644 113044
1460 0.00 12193160 113044
1465 0.00 12847660 113044
1470 0.00 13112000 112788
1476 0.00 13404704 112788
1481 0.00 13134888 112788
1486 0.00 13334992 112788
1491 0.00 13768516 112788
1496 0.00 11604796 112788
1502 0.00 10767516 112788
1507 0.00 8974052 112788
1512 0.00 9249824 112788
1517 0.01 8414484 112788
1523 0.00 7516760 112788
1528 0.01 6260392 112788
1533 0.00 6344220 112788
1538 0.00 7029620 112788
1543 0.00 6824156 112788
1549 0.00 6811936 112788
1554 0.00 7385640 112788
1559 0.00 6908328 112788
1564 0.00 7146384 112788
1569 0.00 7128692 112788
1574 0.03 5726512 112788
1579 0.00 5787804 112788
1584 0.00 5892872 112788
1590 0.00 5915280 112788
1595 0.00 5780468 112788
1600 0.00 5286420 112788
1605 0.00 5291856 112788
1610 0.00 5486700 112788
1615 0.00 5639836 112788
1621 0.04 5338004 112788
1626 0.01 5363704 112788
1631 0.01 5183172 112788
1636 0.00 4922392 112788
1641 0.00 5429756 112788
1646 0.00 5650992 112788
1651 0.00 5533040 112788
1657 0.00 5393276 112788
1662 0.00 5503452 112788
1667 0.00 5346716 112788
1672 0.00 5010812 112788
1677 0.00 5074916 112788
1682 0.00 5241820 112788
1688 0.01 4874620 112788
1693 0.00 5450976 112788
1698 0.00 5440276 112788
1703 0.00 5200944 112788
1708 0.00 6254164 112788
1713 0.00 6412428 112788
1718 0.00 6530920 112788
1723 0.00 7706940 112788
1729 0.00 7774900 112788
1734 0.00 7657968 112788
1739 0.00 8528612 112788
1744 0.00 9006884 112788
1749 0.00 8847540 112788
1755 0.00 8611052 112788
1760 0.00 8203596 112788
