perf = [
% Time CPU_Idle Used_RAM Used_Swap
0 98.56 339424 11444
5 19.75 988068 11444
10 0.05 1101320 11444
15 5.82 972852 11444
20 39.48 792060 11444
25 49.99 751412 11444
30 45.00 1109888 11444
35 9.86 1705696 11444
40 2.02 2170596 11444
45 0.08 2510844 11444
50 1.69 2543248 11444
56 0.01 2818128 11444
61 1.33 2110616 11444
66 1.53 2362088 11444
71 0.69 1775188 11444
76 2.00 1355768 11444
81 51.19 1072968 11444
86 65.56 1126680 11444
91 63.31 1031672 11444
96 80.89 989152 11444
101 87.53 1013364 11444
106 84.50 1029372 11444
111 67.56 1535240 11444
116 16.93 2324080 11444
121 1.84 2021896 11444
126 0.34 2095872 11444
131 0.39 1898028 11444
136 0.29 1743724 11444
141 1.00 1682568 11444
146 9.75 2123456 11444
152 2.60 2259348 11444
157 4.05 2262228 11444
162 3.62 2519892 11444
167 1.23 2427784 11444
172 0.90 2145028 11444
177 2.65 2041268 11444
182 0.49 2879648 11444
187 0.00 3341284 11444
192 0.19 2596120 11444
197 0.26 3064984 11444
202 0.03 3190624 11444
208 0.00 2933752 11444
213 0.04 3453812 11444
218 0.01 3458600 11444
223 0.00 3981460 11188
228 0.00 2419676 11188
233 0.00 2500152 11188
238 0.22 2570000 11188
243 0.46 2725268 11188
248 0.23 3230372 11188
254 0.10 2872988 11188
259 0.04 3139860 11444
264 1.77 2682256 11444
269 1.73 2660952 11444
274 1.57 2834676 11444
279 0.69 2274268 11444
284 1.59 2145676 11444
289 0.89 2188672 11444
294 0.93 2157972 11444
299 0.06 2402528 11444
304 0.55 2026236 11444
309 2.51 1925604 11444
314 0.15 2263924 11444
319 0.80 1919796 11444
324 0.41 2569768 11444
330 0.04 4602944 11700
335 0.00 6707428 29404
340 0.00 8775196 45076
345 0.00 8925780 44316
350 0.00 8138188 48436
355 0.00 6220292 48180
360 2.34 2071788 47924
366 0.13 1768540 47924
371 0.04 2450728 44084
376 0.00 2773952 43060
381 0.00 3123176 43060
386 0.84 2560228 43060
391 1.37 1986708 42804
396 7.95 1844836 42804
401 22.11 1891456 42804
406 8.31 1958056 42804
411 0.08 1696640 42804
416 0.20 1712804 42804
421 27.23 1461784 42804
426 52.90 1516584 42804
431 3.74 1570488 42036
436 5.54 1687092 39476
442 1.65 1617360 39476
447 1.13 1966024 39476
452 0.14 3905372 39476
457 0.00 3638060 39476
462 0.00 4557584 39476
467 0.00 5957776 39476
472 0.00 6689352 39476
477 0.00 6793140 39476
483 0.00 7287128 39476
488 0.00 6569912 39476
493 0.00 6390352 39476
498 0.00 6652792 39476
503 0.00 7056436 39476
509 0.00 7629904 39476
514 0.00 7311064 39476
519 0.00 7026096 39476
524 0.00 6515760 39476
529 0.00 7351604 39476
534 0.00 7109684 39476
540 0.00 6775564 39476
545 0.00 6504284 39476
550 0.00 6457788 39476
555 0.00 7031108 39476
560 0.00 6167948 39476
565 0.00 5901396 39476
570 0.00 6182804 39476
576 0.00 5611572 39476
581 0.00 6213744 39476
586 0.00 6018340 39476
591 0.00 5486148 39476
596 0.00 5754688 39476
601 0.00 5774392 39476
607 0.00 6332112 39476
612 0.00 6855328 39476
617 0.00 5344460 39476
622 0.00 4906732 39476
627 0.00 5542768 39476
632 0.10 5060856 39476
637 25.38 3355776 39476
642 47.99 2783360 39476
647 51.70 2121928 39476
652 34.69 2237860 39476
657 22.63 2250300 39476
663 35.41 1604468 39476
668 26.14 1613916 39476
673 14.03 1990832 39476
678 8.01 1650988 39476
683 6.20 2821784 39476
688 0.00 3190148 39476
693 0.24 2123020 39476
698 2.73 2547556 39476
703 0.01 2060764 39476
708 3.80 1886588 39476
713 0.02 1746904 39476
718 5.17 1784264 39476
723 9.84 1556496 39476
728 8.96 3412244 39476
734 0.00 5277480 39476
739 0.00 5289756 39476
744 0.00 6005656 39476
749 0.00 7329624 43844
754 0.00 6601732 43844
759 0.00 6950528 43844
764 0.00 6875936 43844
770 0.00 6552736 43844
775 0.00 7871556 46660
780 0.00 6675808 46660
785 0.01 5595432 46660
790 7.40 1831056 46660
795 5.65 2098148 46660
800 1.27 2099588 46660
805 3.09 1952676 46660
811 1.24 2209812 46660
816 0.01 2495608 46660
821 1.35 3067928 46660
826 0.00 2846716 46660
831 0.08 2694040 46660
836 0.00 2864296 46660
841 0.15 2290044 46660
846 0.00 2947300 46660
852 0.00 3522836 46660
857 0.00 3719104 46660
862 0.00 3900616 46660
867 0.00 4715484 46660
872 0.00 5337220 46660
878 0.00 6865036 46916
883 0.00 7242304 54084
888 0.00 8074260 58436
893 0.00 9206604 73796
898 0.00 7809576 73796
904 0.00 8222712 73796
909 0.00 8581144 73796
914 0.00 8243168 73796
919 0.00 8595640 73796
924 0.00 9277404 73796
929 0.00 9424196 88644
935 0.00 8775584 88644
940 0.00 9771588 88644
945 0.00 8476008 88644
950 0.00 8655412 88644
955 0.00 7633172 88644
960 0.00 8387120 88644
966 0.00 6899128 88644
971 0.00 7916484 88644
976 0.00 6138748 88644
981 0.00 6701256 88644
986 0.00 6575948 88644
991 0.00 6015084 88644
997 0.00 6658472 88644
1002 0.00 7606188 88644
1007 0.00 7195272 88644
1012 0.00 7301348 88644
1017 0.00 7603984 88644
1022 0.00 8148084 88644
1028 0.00 9800868 88644
1033 0.00 9225652 102468
1038 0.00 11072808 118368
1043 0.00 10940524 118368
1048 0.00 11750136 118368
1054 0.00 11904440 126328
1059 0.00 11845112 126328
1064 0.00 11903620 126328
1069 0.00 11291116 126328
1074 0.00 9533692 126328
1079 0.00 8623984 126328
1085 0.00 7857764 126328
1090 0.00 8269260 126328
1095 0.00 8216336 126328
1100 0.00 6623168 126328
1105 0.00 5164904 126072
1110 0.00 5961908 126072
1115 0.00 5074692 126072
1121 0.00 5679340 126072
1126 0.00 4527752 125816
1131 0.00 5717500 125816
1136 0.00 4225684 125560
1141 0.00 4708196 125560
1146 0.00 4736060 125560
1151 0.00 5386356 125560
1157 0.00 5091952 125560
1162 0.00 5415356 125560
1167 0.00 4512508 125560
1172 0.00 4360512 125560
1177 0.03 2515692 125560
1182 7.70 3376796 125560
1187 0.02 5245624 125560
1192 3.80 1661256 125560
1197 7.48 1526484 125560
1202 22.46 1925008 125560
1208 10.16 2781044 125304
1213 0.01 4064576 125304
1218 1.52 2930600 125304
1223 7.37 3055012 125304
1228 15.60 3047240 125304
1233 53.36 2438384 125304
1238 12.50 2278156 125304
1243 0.00 3265588 125304
1248 0.00 3791068 125304
1253 0.00 3762632 125304
1259 0.00 3964712 125304
1264 0.00 4482664 125304
1269 0.00 2810476 125304
1274 0.00 3513872 125304
1279 0.00 4092324 125304
1284 0.00 4843680 125304
1289 0.00 4534700 125304
1294 7.97 2040520 125304
1299 13.03 1670792 125304
1304 12.57 2366640 125304
1309 30.21 2158496 125304
1315 22.71 2400556 125304
1320 0.00 3837768 125304
1325 0.00 3252660 125304
1330 0.00 3940420 125304
1335 0.03 2821220 125304
1340 0.88 1524428 125304
1345 45.93 1916028 125304
1350 2.59 2787620 125304
1356 0.00 2666588 125304
1361 0.40 2658660 125304
1366 2.00 2362260 125304
1371 1.34 2538612 125304
1376 0.29 2686944 125304
1381 0.00 2547772 125304
1386 0.00 3412920 125304
1391 0.00 2337248 125304
1396 0.00 2569808 125304
1402 0.00 3063548 125304
1407 0.00 3517864 125304
1412 0.00 3277912 125304
1417 0.00 3016568 125304
1422 0.00 3916292 125304
1427 0.00 4148112 125304
1433 0.00 4480512 125304
1438 0.00 4794348 125304
1443 0.00 5000144 125304
1448 0.00 5236864 125304
1453 0.00 6002016 125304
1459 0.00 6275652 125304
1464 0.00 5087404 125304
1469 0.00 5262616 125304
1474 0.00 5225996 125304
1479 0.00 5233156 125304
1484 0.00 5010728 125304
1490 0.00 5750080 125304
1495 0.00 7106008 125304
1500 0.00 8070376 131448
1505 0.00 8644880 138676
1511 0.00 8695256 142276
1516 0.00 8764028 142276
1521 0.00 8927252 142276
1526 0.00 8441456 142532
1531 0.00 8205384 142532
1537 0.00 8740104 142532
1542 0.00 7477260 142532
1547 0.00 6009656 142532
1553 0.00 5584240 142532
1558 0.00 5570036 142532
1563 0.00 6540232 142532
1568 0.00 7399504 142532
1573 0.00 7482764 143044
1579 0.00 8345404 143044
1584 0.00 9647224 143044
1589 0.00 8795000 143044
1594 0.00 9914196 143044
1600 0.00 10218956 143044
1605 0.00 9280160 143044
1610 0.00 9972396 143564
1615 0.00 8884500 143564
1621 0.00 9007916 143564
1626 0.00 8549096 143564
1631 0.00 8179936 143564
1636 0.00 8759740 143564
1641 0.00 8630744 143820
1647 0.00 9512972 143820
1652 0.00 9419580 143820
1657 0.00 9238636 143820
1662 0.00 10526320 153300
1668 0.00 10715796 153300
1673 0.00 11025948 155348
1678 0.00 11184516 155348
1683 0.00 10866068 155348
1689 0.00 11462056 155348
1694 0.00 11244824 155348
1699 0.00 12179316 155348
1705 0.00 11969036 155348
