perf = [
% Time CPU_Idle Used_RAM Used_Swap
0 92.65 752796 105584
5 0.08 1542748 105584
10 0.00 2020944 105584
15 0.00 2349408 105584
20 0.00 2316564 105584
25 6.63 1610616 105584
30 1.01 1725204 105584
36 0.71 1437820 105584
41 12.16 1326324 105584
46 6.15 1838012 105584
51 1.45 2606856 105584
56 0.70 3256968 105584
61 3.85 3405996 105584
66 0.03 3866760 105584
71 0.00 4353972 105584
77 0.00 4710580 105584
82 0.00 5165964 105584
87 0.00 5218812 105584
92 0.00 5188748 105584
97 0.00 5168948 105584
103 0.00 5032752 105584
108 0.00 4102336 105584
113 0.00 4581468 105584
118 0.00 3719740 105840
123 0.01 3490280 105840
128 0.00 3235304 105840
134 0.38 3374504 105840
139 0.06 2662632 105840
144 18.54 1977268 105840
149 40.62 2043284 105840
154 24.01 1996512 105840
159 52.54 1804832 105840
164 75.88 1899308 105840
169 71.87 1814844 105840
174 53.25 2442132 105840
179 10.87 3407128 105840
184 0.01 3633992 105584
189 0.00 4142580 105584
194 0.02 3963824 105584
199 0.00 4166068 105584
204 0.00 3537824 105584
210 0.00 3509896 105584
215 0.00 3594288 105584
220 0.00 3382184 105584
225 0.00 3304640 105584
230 0.10 3045972 105584
235 0.11 2888928 105584
240 1.10 3501012 105328
245 0.90 3746252 107376
250 0.85 3916636 109168
255 0.21 4177544 109168
260 5.08 4444080 109168
266 1.12 4477800 109168
271 1.79 4445428 109168
276 0.65 4444300 109688
281 0.56 4361320 112760
286 3.16 4537780 116600
291 0.05 4499544 116600
296 0.04 4855776 116600
301 0.00 5043088 116600
307 0.03 4718588 116600
312 0.00 4935620 116600
317 0.00 5001764 120952
322 0.00 6536108 122744
327 0.00 7013720 133960
333 0.00 7161844 135496
338 0.00 7815808 139856
343 0.00 8285432 141136
348 0.00 8095668 141136
353 0.00 7512948 141136
359 0.00 7959520 141136
364 0.00 8046440 141136
369 0.00 7105732 141136
374 0.00 7647032 141136
380 0.00 6816964 141136
385 0.00 7430576 141136
390 0.00 7011112 141136
395 0.00 5370852 141136
400 0.01 5346760 141136
406 0.00 5037284 141136
411 0.00 4071248 141136
416 0.00 4248008 141136
421 0.00 4538348 141136
426 0.00 4575972 141136
431 0.00 4926984 141136
437 0.08 5015788 141136
442 0.09 5005100 141136
447 0.01 5247400 141136
452 0.00 5469688 143696
457 0.00 5455340 143696
462 0.01 5187780 143696
467 0.03 5264772 143696
473 0.11 5238448 143696
478 0.04 6013068 144464
483 0.08 5513300 144464
488 0.04 6158816 144464
493 0.13 5040912 144464
498 0.02 5075196 144464
503 0.04 4935660 144464
508 0.05 5655788 146512
513 0.04 6118632 146768
519 0.03 5285956 146768
524 0.05 4323608 146768
529 0.00 4339476 146768
534 0.01 3966428 146768
539 0.00 4176412 146768
544 0.00 4010020 146768
549 0.00 4544424 146768
554 0.01 3324560 146768
560 0.00 3753380 146768
565 0.00 3506372 146768
570 0.00 3964124 146768
575 0.00 3847952 146768
580 0.00 3629140 146768
585 0.00 3480604 146768
590 0.01 4047288 146768
596 0.02 3342004 146768
601 0.05 3450756 146768
606 0.08 3379752 146768
611 0.00 6291440 146768
616 0.00 7697964 147280
621 0.00 9969736 148816
626 0.00 12026268 148816
632 0.00 11690376 148816
637 0.00 11441016 148816
642 0.00 13025056 148816
647 0.00 14166244 148816
652 0.00 14202656 148816
658 0.00 13234560 148816
663 0.00 10928004 148816
668 0.00 8160460 148816
673 0.00 6953088 148816
678 0.00 5368036 148816
683 0.00 4796188 148816
689 0.00 4202600 148816
694 0.00 4378660 148816
699 0.00 4806684 148816
704 0.00 5198456 148816
709 0.00 5136192 148816
714 0.00 4843888 148816
719 0.00 4483532 148816
724 0.13 4030352 148816
730 0.31 3273664 148816
735 1.53 3345072 148816
740 0.59 3096332 148816
745 0.53 2963288 148816
750 0.10 3620612 148816
755 0.00 3587792 148816
760 0.00 3232072 148816
765 0.01 3497128 148816
770 0.01 3246972 148816
775 0.01 2894228 148816
781 0.00 2877296 148816
786 0.18 2803648 148816
791 0.01 3257300 148816
796 0.18 2769144 148816
801 0.06 2763120 148816
806 7.12 2705452 148816
811 4.02 2589672 148816
816 3.00 2691960 148816
821 0.08 2699036 148816
826 0.08 3225924 148816
831 0.00 2702068 148816
837 0.00 3516856 148816
842 0.00 3111132 148816
847 0.00 3605812 148816
852 0.00 3611140 148816
857 0.00 3562732 148816
862 0.00 3276032 148816
868 0.00 3956380 148816
873 0.00 3805540 148816
878 0.00 3721700 148816
883 0.00 4812968 148816
888 0.00 5055148 148816
893 0.00 5416376 148816
899 0.00 5571828 148816
904 0.00 7838364 148816
909 0.00 9102436 148816
914 0.00 9277752 148816
920 0.00 10161548 148816
925 0.00 10636400 148816
930 0.00 11067592 148816
935 0.00 11020860 148816
940 0.00 12231476 150352
946 0.00 12298136 151120
951 0.00 13235060 151376
956 0.00 13423588 152144
961 0.00 13149908 152144
967 0.00 13519152 152144
972 0.00 14025268 152144
977 0.00 13404888 152144
982 0.00 13059912 152144
987 0.00 13662100 152144
993 0.00 13714948 152144
998 0.00 13805352 152144
1003 0.00 13588928 152144
1009 0.00 13664304 152144
1014 0.00 13783892 152144
1019 0.00 13426720 152144
1024 0.00 13986020 152144
1030 0.00 13511292 152144
1035 0.00 14511344 152144
1040 0.00 14156428 152144
1045 0.00 14426276 152144
1051 0.00 14691644 152144
1056 0.00 14724244 152144
1061 0.00 14039708 152144
1066 0.00 13381356 152144
1072 0.00 13209064 152144
1077 0.00 13509192 152144
1082 0.00 13894464 152144
1087 0.00 13454804 152144
1092 0.00 13298328 152144
1098 0.00 12595892 152144
1103 0.00 12612856 152400
1108 0.00 11971940 152400
1113 0.00 12505880 152400
1118 0.00 10741752 152400
1123 0.00 10252136 152400
1129 0.00 10093304 152400
1134 0.00 10566568 152400
1139 0.00 9946028 152400
1144 0.00 10356632 152400
1149 0.00 9772824 152400
1155 0.00 10507588 152400
1160 0.00 10603520 152400
1165 0.00 10929932 152400
1170 0.00 10114108 152400
1175 0.00 10455812 152400
1181 0.00 10511980 152400
1186 0.00 11400128 152400
1191 0.00 10781432 152400
1196 0.00 11237480 152400
1201 0.00 11877180 152400
1206 0.00 12513180 152400
1212 0.00 10728356 152400
1217 0.00 10880508 152400
1222 0.00 9262188 152400
1227 0.00 9514916 152400
1232 0.00 8639472 152400
1237 0.00 7766520 152400
1243 0.69 5979552 152400
1248 2.93 5160700 152400
1253 3.34 4822916 152400
1258 4.02 4271704 152400
1263 0.38 4927428 152400
1268 0.00 5604024 152400
1273 0.01 5930492 152400
1278 0.01 6008436 152400
1283 0.00 5204908 152400
1288 0.00 5782108 152400
1294 0.00 5715188 152400
1299 0.00 5637104 152400
1304 0.00 5370768 152400
1309 0.00 4355148 152400
1314 0.00 3864276 152400
1319 0.29 3020280 152400
1324 2.02 2748704 152400
1329 1.10 5897512 152400
1335 0.00 6694940 152400
1340 0.00 6594960 152400
1345 0.00 7528568 152400
1350 0.00 8037608 152400
1355 0.00 8254620 152400
1360 0.00 8161536 152400
1365 0.00 9869172 152400
1371 0.00 9395756 152400
1376 0.00 11809336 152400
1381 0.00 11389908 152400
1386 0.00 9564512 152400
1391 0.00 8985476 152400
1396 0.00 7542040 152400
1401 0.00 7045860 152400
1407 0.00 7440472 152400
1412 0.00 7956500 152400
1417 0.00 7299656 152400
1422 0.00 6017680 152400
1427 0.48 4220668 152400
1432 1.06 3320168 152400
1437 4.40 3422904 152400
1442 1.50 3635520 152400
1447 0.14 3575340 152400
1453 0.90 3842664 152400
1458 0.01 4479480 152400
1463 0.00 5340316 152400
1468 0.00 5121516 152400
1473 0.00 5087052 152400
1478 0.00 6032552 152400
1484 0.00 6902948 152400
1489 0.00 7506476 152400
1494 0.00 6283424 152400
1499 0.00 6361552 152400
1505 0.00 5443176 152400
1510 0.00 6428224 152144
1515 0.00 7003984 152144
1521 0.00 7633604 152144
1526 0.00 8807796 152144
1531 0.00 10861308 152656
1536 0.00 10847764 161708
1542 0.00 12052092 161708
1547 0.00 12059776 161708
1552 0.00 11302752 161708
1558 0.00 11718036 161708
1563 0.00 12356688 161708
1568 0.00 12648156 161708
1573 0.00 13635804 161708
1579 0.00 14632772 163252
1584 0.00 14681808 164796
1589 0.00 13649900 164796
1595 0.00 14763676 164796
1600 0.00 15353240 169148
1605 0.00 15700932 169404
1611 0.00 15901528 169404
1616 0.00 17092792 169404
1621 0.00 17654560 169404
1627 0.00 17133504 172220
1632 0.00 17012636 172220
1637 0.00 17555988 172220
1642 0.00 18152692 172220
1648 0.00 17010192 172220
1653 0.00 16602464 172220
1659 0.00 16310952 172220
