perf = [
% Time CPU_Idle Used_RAM Used_Swap
0 99.98 262244 0
5 99.91 265304 0
10 93.53 561852 0
15 0.96 778036 0
20 74.53 703624 0
25 59.34 407280 0
30 61.27 521688 0
35 92.70 550128 0
40 16.71 936040 0
45 2.59 1614564 0
50 4.55 1097352 0
55 5.19 1001016 0
60 6.08 946008 0
65 60.16 641964 0
70 78.58 708308 0
75 84.30 649044 0
80 84.59 602372 0
85 92.01 621436 0
90 92.55 600428 0
95 90.23 605536 0
100 39.79 1317404 0
105 5.11 1077884 0
110 10.13 1100428 0
115 15.75 885132 0
120 23.49 1206904 0
125 6.99 1309364 0
131 6.53 1324212 0
136 5.87 1102148 0
141 2.73 1671840 0
146 2.15 1667652 0
151 6.59 1287272 0
156 0.26 2260704 0
161 0.01 2116192 0
166 0.91 1104216 0
171 3.86 1565080 0
176 2.84 1490020 0
181 7.01 1455604 0
186 10.23 1463876 0
191 2.44 1424080 0
196 0.90 2061548 0
201 1.17 1150884 0
207 9.30 1087840 0
212 17.72 1362756 0
217 3.98 1073852 0
222 0.69 1372692 0
227 0.02 3307808 0
232 0.00 5287788 0
237 0.68 1851492 0
242 18.26 973228 0
247 5.70 1142848 0
252 1.40 1502216 0
257 23.32 1561932 0
262 20.74 1445756 0
267 15.84 1049244 0
272 70.56 998256 0
277 68.63 982160 0
282 47.95 932096 0
287 10.12 973376 0
292 34.61 858056 0
297 45.38 1017196 0
302 20.53 2140384 0
307 0.00 3053084 0
312 0.02 3103004 0
318 0.00 3331940 0
323 0.00 3457740 0
328 0.01 3066092 0
333 0.00 2870824 0
338 0.00 2594088 0
343 0.00 2546328 0
348 0.00 2714364 0
353 0.00 3084696 0
359 0.01 2258708 0
364 0.00 2621496 0
369 0.00 2736468 0
374 0.34 2532424 0
379 1.33 2260652 0
384 3.67 2311232 0
389 6.92 2305300 0
394 2.33 1949028 0
399 62.62 1438828 0
404 80.10 1449804 0
409 80.46 1461144 0
414 62.12 1312912 0
419 74.07 900224 0
424 64.67 877628 0
429 63.96 890128 0
434 68.09 842808 0
439 63.67 867716 0
444 51.48 1429516 0
449 19.87 1094080 0
454 22.70 1508540 0
459 0.09 1197688 0
464 10.12 969160 0
470 12.28 891648 0
475 16.00 2858376 0
480 0.01 2430780 0
485 0.00 3440556 0
490 0.00 3421460 0
495 0.00 3341488 0
500 7.00 1881216 0
505 16.72 1101132 0
510 11.49 1063016 0
515 35.61 1027376 0
520 15.54 1711344 0
525 1.05 2316064 0
531 0.03 1575676 0
536 1.66 1100348 0
541 5.72 2089264 0
546 0.14 2545496 0
551 0.00 3914800 0
556 0.00 4377140 0
561 0.00 4739700 0
566 0.00 3212484 0
571 0.00 5020960 0
577 0.00 4128064 0
582 0.00 4656980 0
587 0.00 3651588 0
592 0.01 3605224 0
597 0.00 4237724 0
602 0.00 2374564 0
607 1.59 2504344 0
612 4.13 1833752 0
617 2.55 3936180 0
623 0.00 4131800 0
628 0.00 4019692 0
633 0.00 4978812 0
638 0.00 4819420 0
643 0.00 4509208 0
648 0.01 4665852 0
654 0.04 4100700 0
659 0.04 3093420 0
664 0.05 2973656 0
669 0.03 2573860 0
674 3.11 2656660 0
679 0.10 3100496 0
684 0.07 2439212 0
689 0.05 2893268 0
694 0.14 2791308 0
699 0.65 1914452 0
704 23.31 868764 0
710 56.14 1464936 0
715 8.25 2476180 0
720 43.19 1058024 0
725 34.38 1295260 0
730 36.62 1011976 0
735 24.56 2112784 0
740 57.89 833536 0
745 42.92 2145788 0
750 30.25 2349808 0
755 0.05 1971500 0
760 0.05 2264040 0
765 0.15 2070140 0
770 0.07 1686368 0
775 0.98 1771288 0
780 76.83 846180 0
785 70.93 975368 0
790 21.35 1294484 0
795 57.00 1713720 0
800 0.05 2271084 0
805 45.54 1228080 0
810 22.37 889560 0
815 18.74 1476540 0
820 50.39 1657668 0
825 59.40 1415072 0
830 54.49 1041544 0
835 11.10 2702312 0
841 0.04 1202352 0
846 0.29 1628580 0
851 0.05 2227792 0
856 0.01 2471804 0
861 0.00 2484712 0
866 0.00 2772548 0
871 0.00 2731080 0
876 0.00 3459864 0
882 0.00 3694668 0
887 0.00 4130872 0
892 0.00 4341212 0
897 0.00 3711384 0
902 0.00 3250996 0
907 0.00 2952644 0
913 0.01 3123472 0
918 0.00 4102356 0
923 0.00 5436460 0
928 0.00 5214852 0
933 0.00 4876176 0
939 0.00 3904176 0
944 0.03 3938708 0
949 0.00 4088236 0
954 0.00 5075552 0
959 0.00 6087964 0
965 0.00 5986836 0
970 0.00 5141216 0
975 0.00 5765404 0
980 0.00 5329664 0
985 0.00 3988556 0
990 0.00 4292800 0
996 0.00 6089540 0
1001 0.00 7112788 0
1006 0.00 6562388 0
1012 0.00 7072056 0
1017 0.00 7352980 0
1022 0.00 7653072 12
1027 0.00 7572056 12
1032 0.00 7672528 12
1038 0.00 7940748 12
1043 0.00 6730280 12
1048 0.00 6205388 12
1053 0.00 5869332 12
1058 0.00 6365596 12
1064 0.00 6361224 12
1069 0.00 5870192 12
1074 0.00 5175892 12
1079 0.00 5410116 12
1084 0.00 4851500 12
1089 0.00 4863220 12
1095 0.00 5079288 12
1100 0.00 4769700 12
1105 0.00 4899880 12
1110 0.00 5335052 12
1115 0.00 4788540 12
1120 0.00 5458312 12
1126 0.00 5026180 12
1131 0.00 5014116 12
1136 0.00 4967132 12
1141 0.00 4844480 3096
1146 0.00 5150976 6704
1151 0.00 4354824 6704
1156 0.00 3900292 6704
1162 0.00 4254308 6704
1167 0.00 3612004 6704
1172 0.00 3652888 6704
1177 0.00 3940676 6704
1182 0.00 3422108 6704
1187 0.00 3682780 6704
1192 0.00 2889376 6704
1197 0.00 2441044 6704
1203 0.01 2676984 6704
1208 0.93 1961844 6704
1213 5.04 1872616 6704
1218 2.25 1975084 6704
1223 1.34 1999360 6704
1228 4.72 1712888 6704
1233 16.41 1796388 6960
1238 41.46 1840840 7984
1243 3.79 1472492 8240
1248 3.67 1503408 8508
1253 2.47 1372528 8508
1258 7.32 1414164 8508
1263 0.54 1967764 8508
1268 1.02 1828952 8508
1273 1.23 1648336 8508
1278 2.76 1621956 8508
1283 2.56 1419072 8508
1288 4.87 1924752 8508
1294 3.02 1505188 8508
1299 8.93 1494128 8508
1304 6.20 1921768 8508
1309 0.00 2686268 8508
1314 0.00 2362380 8508
1319 0.00 2651788 8508
1324 0.00 2246668 8508
1329 0.00 2536044 8508
1334 0.00 2546652 8508
1339 0.00 2237768 8508
1345 0.00 2249844 8508
1350 0.00 2824652 8508
1355 0.00 2496104 8508
1360 0.01 2431852 8508
1365 0.00 2378332 8508
1370 0.00 3907280 8764
1375 0.00 3865472 8764
1381 0.00 3262708 8764
1386 0.00 3026852 8764
1391 0.00 2818740 8764
1396 0.00 3364088 8764
1401 0.00 3570800 8764
1407 0.00 3078072 8764
1412 0.01 2394664 8764
1417 0.00 2695452 8764
1422 0.00 3675084 8764
1427 0.00 4009560 9276
1432 0.00 4505716 9276
1438 0.00 3897660 12884
1443 0.02 3454608 12884
1448 0.00 3367036 12884
1453 0.00 3717156 12884
1458 0.00 3072032 12884
1463 0.01 2940504 12884
1468 0.01 2441788 12884
1474 0.35 2217996 12884
1479 0.26 2349004 12884
1484 0.81 1787952 12884
1489 0.05 2071580 12884
1494 1.34 1842332 12884
1499 1.64 1536440 12884
1504 2.01 1790572 12884
1510 0.19 2269508 12884
1515 0.03 2077172 12884
1520 0.06 2902168 12884
1525 0.01 2123976 12884
1530 0.00 2400920 12884
1535 0.01 3073292 15200
1541 0.01 1802604 15200
1546 0.05 1977132 15200
1551 0.30 1551592 15200
1556 21.27 1206380 15200
1561 6.63 1532652 15200
1566 1.22 1686308 15200
1571 2.58 1588840 15200
1576 5.16 1576324 15200
1581 0.75 1979964 15200
1586 0.30 2044516 15200
1592 4.75 1429940 15200
1597 5.14 1803888 15200
1602 0.18 1848056 15200
1607 0.95 1677468 15200
1612 0.53 3285804 15200
1617 0.02 3831896 19320
1622 0.55 2784204 26524
1627 1.08 1768764 26524
1632 0.66 2219288 26524
1637 0.04 3221004 26524
1643 0.49 2385148 26524
1648 2.15 2658108 26524
1653 3.22 1837272 26524
1658 1.41 2373352 26524
1663 0.21 2978316 26524
1668 0.48 2812036 26524
1673 1.68 4071552 26524
1678 0.21 4178400 26524
1683 0.00 5160600 28072
1689 0.00 5759224 28072
1694 0.00 6169148 28072
1699 0.01 5799432 28072
1704 0.00 4894668 28072
1709 0.00 4770772 28072
1714 0.00 4996976 28072
1720 0.00 4912288 28072
1725 0.01 5128092 28072
1730 0.01 4714100 28072
1735 0.01 4945120 28072
1740 0.00 4998364 28072
1745 0.05 4187848 28072
1751 0.16 4368488 28072
1756 0.06 4625376 28072
1761 0.04 4757644 28072
1766 0.16 4657460 28072
1771 0.05 4993540 28072
1776 0.01 5116412 29876
1782 0.00 3719772 29876
1787 0.07 4951620 29876
1792 0.01 5667280 29876
1797 0.00 5580124 29876
1802 0.00 4930216 29876
1807 0.00 5427476 29876
1812 0.01 5207500 29876
1818 0.00 4841152 29876
1823 0.00 5919504 29876
1828 0.00 6448304 29876
1833 0.00 6221356 29876
1838 0.00 5929144 29876
1844 0.00 7163892 29876
1849 0.00 7785816 29876
1854 0.00 5846628 29876
1859 3.53 4646296 29876
1864 5.69 6338396 29876
1869 0.00 7476884 29876
1874 0.00 7382092 29876
1879 0.00 7301732 29876
1885 0.01 6734156 29876
1890 0.00 6353596 29876
1895 0.01 6423448 29876
1900 0.00 5376824 29876
1905 0.19 5120004 29876
1910 1.61 4448268 29876
1915 6.40 4583912 29876
1921 11.57 2554616 29876
