perf = [
% Time CPU_Idle Used_RAM Used_Swap
0 99.95 237780 268
5 99.90 238672 268
10 90.77 196488 268
15 22.81 534828 268
21 0.00 596184 268
26 60.35 545320 268
31 13.74 461656 268
36 77.31 531992 268
41 46.53 313848 268
46 66.53 573372 268
51 10.19 718628 268
56 0.10 960228 268
61 0.80 744512 268
66 2.04 713024 268
71 5.94 1090660 268
76 5.82 771840 268
81 9.41 687692 268
86 5.33 681344 268
91 12.46 632276 268
96 10.94 660776 268
101 71.51 573168 268
106 69.26 557412 268
111 71.65 853600 268
116 10.68 828792 268
121 4.70 826400 268
127 2.25 794212 268
132 7.33 783124 268
137 5.20 886472 268
142 3.90 919780 268
147 4.41 848612 268
152 1.78 986820 268
157 7.62 844884 268
162 9.43 823400 268
167 4.80 1054312 268
172 6.50 1081020 268
177 1.98 1127600 268
182 3.06 1150024 268
187 2.77 1149148 268
192 0.60 1406964 268
197 0.10 1212048 268
202 0.75 777012 268
207 1.05 858136 268
212 4.67 837684 268
217 2.70 1056816 268
222 1.88 976136 268
228 2.36 1480036 268
233 0.05 1475752 268
238 0.00 1720320 268
243 0.00 2609984 268
248 0.00 1792976 268
253 0.00 2304652 268
258 0.88 1014520 268
263 0.60 1530748 268
268 0.00 1904784 268
273 0.00 1646656 268
279 0.00 1193032 268
284 1.00 850424 268
289 0.20 964856 268
294 0.63 904992 268
299 0.05 946380 268
304 0.00 1028892 268
309 0.03 1597164 268
314 0.00 1665348 268
319 0.68 1126892 268
324 0.23 1166592 268
329 0.10 1317092 268
334 0.05 1359580 268
339 0.00 1238208 268
345 0.00 1337692 268
350 0.00 1209424 268
355 1.61 1401224 268
360 2.74 882464 268
365 0.68 877104 268
370 2.38 1062440 268
375 0.20 1140772 268
380 0.00 1530012 268
385 0.05 1159468 268
390 2.03 965640 268
396 4.64 827720 268
401 1.18 1285636 268
406 0.00 1130396 268
411 0.00 1396284 268
416 0.00 2038192 2328
421 0.00 2181716 3096
426 0.00 1966468 3096
431 0.00 2126280 4120
436 0.00 2263640 6448
441 0.00 2165956 6704
447 0.00 2276480 6704
452 0.00 2330320 6704
457 0.00 2801224 11080
462 0.00 2662480 11592
467 0.00 2323808 11592
472 0.00 2360908 11592
477 0.00 2376776 11592
482 0.00 1877860 11592
488 0.00 1671648 11592
493 0.00 2100796 11592
498 0.00 1648724 11592
503 0.00 1810048 11592
508 0.00 1901064 11592
513 0.00 2068040 11592
518 0.00 1689132 11592
523 0.00 1485628 11592
529 0.00 1643532 11592
534 0.00 1719068 11592
539 0.00 1655532 11592
544 0.00 1599276 11592
549 0.00 1588684 11592
554 0.00 1768888 11592
559 0.00 1834788 11592
564 0.00 1795756 11592
570 0.00 2155572 11592
575 0.00 1666152 11848
580 0.00 1993888 11848
585 0.00 1668500 11848
590 0.03 1826584 11848
595 0.00 1981156 11848
600 0.00 2054440 11848
605 0.00 1735972 11848
611 1.10 2140508 11848
616 5.21 2117160 11848
621 15.02 2140488 11848
626 32.35 1854380 11848
631 35.34 1914636 11848
636 45.67 1398060 11848
641 43.97 1389820 11848
646 44.57 1395584 11848
651 3.53 1488028 11848
656 0.00 1247048 11848
661 2.02 1244668 11848
666 0.38 923596 11848
671 3.78 872656 11848
676 1.13 924800 11848
681 10.93 932392 11848
686 38.18 740556 11848
691 1.03 1891968 11848
696 0.02 2099560 11848
702 0.00 1861148 11848
707 0.00 2114960 11848
712 0.00 2547640 11848
717 0.00 2366204 11848
722 0.00 2542156 11848
727 0.00 1807256 11848
732 0.00 2651228 11848
737 2.05 929844 11848
743 4.10 1266916 11848
748 0.05 1045984 11848
753 1.13 1117444 11848
758 0.28 1118144 11848
763 1.53 1114100 11848
768 0.03 1006588 11848
773 0.00 1126676 11848
778 0.03 1012764 11848
783 0.00 1150688 11848
789 0.00 1505988 11848
794 0.00 1502348 11848
799 0.00 1405272 11848
804 0.00 1415904 11848
809 0.00 1352300 11848
814 0.00 1565700 11848
820 0.00 2149496 11848
825 0.00 2757704 11848
830 0.00 3117316 11848
835 0.00 2807684 11848
840 0.00 2169844 11848
845 0.00 2372024 11848
851 0.00 2922188 11848
856 0.00 1914588 11848
861 0.00 2262700 11848
866 0.00 2604420 11848
871 0.00 2860984 11848
876 0.00 2648672 11848
881 0.00 2295292 11848
886 0.00 3747356 11848
892 0.00 3378960 11848
897 0.00 4002828 11848
902 0.00 3111152 11848
907 0.00 2626196 11848
912 0.00 2989420 11848
917 0.00 3149204 11848
923 0.00 3494624 11848
928 0.00 3016260 11848
933 0.00 3895264 14420
938 0.00 3789528 14688
943 0.00 3765060 14688
948 0.00 4102480 15200
954 0.00 3630568 15200
959 0.00 4331568 15968
964 0.00 3939844 15968
969 0.00 3831652 15968
974 0.00 4048108 15968
979 0.00 4220892 15968
984 0.00 3448468 15968
990 0.00 3354660 15968
995 0.00 2449612 15968
1000 0.00 2988432 15968
1005 0.00 2971392 15968
1010 0.00 3230212 15968
1015 0.00 3178452 15968
1021 0.00 3554072 15968
1026 0.00 3841568 15968
1031 0.00 2930176 15968
1036 0.00 2529492 15968
1041 0.00 2098520 15968
1046 0.00 2855408 15968
1051 0.00 3480772 15968
1057 0.00 4392680 15968
1062 0.00 4481608 15968
1067 0.00 4785488 15968
1072 0.00 4021024 15968
1077 0.00 4393724 15968
1082 0.00 3536620 15968
1088 0.00 3408716 15968
1093 0.00 3293476 15968
1098 0.00 3028412 15968
1103 0.00 2931980 15968
1108 0.00 2559596 15968
1113 0.00 2462968 15968
1118 0.00 2564776 15968
1124 0.00 2886532 15968
1129 0.00 2612936 15968
1134 0.00 2312156 15968
1139 0.00 2079828 15968
1144 0.00 2270900 15968
1149 0.00 3111928 15968
1154 0.00 3146412 15968
1160 0.00 3564896 15968
1165 0.00 3005800 12384
1170 0.00 2123480 12384
1175 0.00 1688540 12384
1180 0.00 1700732 12384
1185 0.00 2314056 12384
1190 0.00 2916588 12384
1196 0.00 3695884 12384
1201 0.00 2822532 12384
1206 0.00 2317652 12384
1211 0.03 813224 12384
1216 0.07 1335300 12384
1221 18.56 788052 12384
1226 41.24 783940 12384
1231 18.75 1149948 12384
1236 0.03 1325596 12384
1241 0.22 1387860 12384
1246 0.05 1004976 12384
1252 0.07 1555672 12384
1257 0.05 1349424 12384
1262 0.12 1512684 12384
1267 0.00 1480428 12384
1272 0.00 1618056 12384
1277 0.03 1657204 12384
1282 0.18 898264 12384
1287 0.05 964212 12384
1293 0.02 904532 12384
1298 19.89 870136 12384
1303 7.04 1048312 12384
1308 10.01 850912 12384
1313 25.60 1197432 12384
1318 0.00 1393592 12384
1323 0.03 1143612 12384
1328 9.47 776068 12384
1333 47.47 818536 12384
1338 44.78 778428 12384
1343 17.61 865480 12384
1348 2.45 1284232 12384
1353 0.03 1008276 12384
1358 0.00 1152812 12384
1363 0.00 1107728 12384
1368 0.00 1722064 12384
1374 0.00 1303500 12384
1379 0.00 1351836 12384
1384 0.00 1312392 12384
1389 0.00 1575876 12384
1394 0.00 2332908 12384
1399 0.00 2053516 12384
1405 0.00 1401772 12384
1410 0.00 1727944 12384
1415 0.00 2114704 12384
1420 0.00 2423308 12384
1425 0.00 2425868 12384
1431 0.00 2820344 12384
1436 0.00 3228616 12384
1441 0.00 3494796 12384
1446 0.00 3281856 12384
1451 0.00 3148008 12384
1457 0.00 3968456 12384
1462 0.00 3995028 12384
1467 0.00 4290872 12384
1472 0.00 4445032 12384
1477 0.00 4430928 12384
1482 0.00 3887500 12384
1488 0.00 3693908 12384
1493 0.00 4319836 12384
1498 0.00 4835368 12384
1503 0.00 4646688 12384
1508 0.00 4279400 12384
1514 0.00 4941056 12384
1519 0.00 4588128 12384
1524 0.00 3886272 12384
1529 0.00 3691672 12384
1534 0.00 2625388 12384
1540 0.00 2753188 12384
1545 0.00 3119360 12384
1550 0.00 3400884 12384
1555 0.00 3430900 12384
1560 0.00 2343656 12384
1566 0.00 2542360 12384
1571 0.00 2903640 12384
1576 0.00 3251772 12384
1581 0.00 3029924 12384
1586 0.00 3242512 12384
1591 0.00 2795728 12384
1597 0.00 2631356 12384
1602 0.00 2491464 12384
1607 0.00 2692316 12384
1612 0.00 2474472 12384
1617 0.00 2400048 12384
1622 0.00 3084168 12384
1628 0.00 3216080 12384
1633 0.00 3237788 12384
1638 0.00 3314328 12384
1643 0.00 3468608 12384
1648 0.00 2812188 12384
1653 0.00 3085356 12384
1658 0.00 3108440 12384
1664 0.00 3056952 12384
1669 0.00 2905904 12384
1674 0.00 3381672 12384
1679 0.00 3279340 12384
1684 0.00 3015040 12384
1689 0.00 2828368 12384
1695 0.00 2770236 12384
1700 0.00 3161776 12384
1705 0.00 2845544 12384
1710 0.00 2894076 12384
1715 0.00 2820512 12384
1720 0.00 3224612 12384
1726 0.00 3460904 12384
1731 0.00 3313044 12384
1736 0.00 2584712 12384
1741 0.00 2489768 12384
1746 0.00 2718104 12384
1752 0.00 2597812 12384
1757 0.00 2071292 12384
1762 0.00 2592456 12384
1767 0.00 2236812 12384
1772 0.00 2365584 12384
1777 0.00 2313228 12384
