perf = [
% Time CPU_Idle Used_RAM Used_Swap
0 90.39 150616 11140
5 21.13 350924 11140
10 0.00 393468 11140
15 0.05 422160 11140
21 0.05 443736 11140
26 71.44 431728 11140
31 2.62 455948 11140
36 11.84 413780 11140
41 61.01 453652 11140
46 4.11 407416 11140
51 71.64 390492 11140
56 14.68 533740 11140
61 4.64 594524 11140
66 0.05 608816 11140
71 0.90 750888 11140
76 0.00 622908 11140
81 0.05 695456 11140
86 0.10 617424 11140
91 1.61 697404 11140
96 0.20 683052 11140
101 1.00 522344 11140
107 6.33 532412 11140
112 8.16 674836 11140
117 5.19 683076 11140
122 4.90 545092 11140
127 10.88 651092 11140
132 4.74 626228 11140
137 6.17 618128 11140
142 1.30 622932 11140
147 1.75 639032 11140
152 3.06 622316 11140
157 2.31 619468 11140
162 2.40 606608 11140
167 1.85 613648 11140
172 0.10 598092 11140
177 0.25 865732 11140
182 0.10 892364 11140
187 0.35 897952 11140
192 2.37 938440 11396
197 0.30 1046340 11396
202 5.48 939448 11396
207 3.34 652644 12164
212 1.11 762664 12420
217 1.30 618632 12420
222 0.00 613744 12420
228 2.85 710876 12420
233 0.00 600044 12420
238 0.00 663252 12420
243 0.10 809900 12676
248 0.55 698360 12676
253 0.15 762860 12676
258 0.00 1022748 12676
263 0.00 1158512 12932
268 0.05 1069156 12932
273 0.00 1486312 12932
278 0.00 1245312 12932
283 0.00 1208168 13444
288 0.00 1023592 13444
293 0.00 1132516 13444
298 0.05 1546012 13444
304 0.00 1035932 13444
309 0.05 702348 13444
314 5.64 700580 13444
319 1.51 689752 13444
324 0.60 684768 13444
329 0.10 695848 13444
334 0.00 736324 13444
339 0.45 707964 13444
344 1.70 685784 13444
349 0.65 683380 13444
354 1.81 688396 13444
359 1.05 682312 13444
364 0.05 694648 13444
369 0.00 922752 13444
374 0.00 1086612 13444
379 0.00 1244676 13444
384 0.00 1119560 13444
389 0.00 923580 13444
395 0.00 804140 13444
400 0.00 932060 13444
405 0.00 1083764 13444
410 0.00 1504784 13444
415 0.00 1074504 13444
420 0.00 1308092 13444
425 0.00 1115124 13444
430 0.00 1471140 13444
435 0.00 2038508 13444
440 0.00 2465392 13444
446 0.00 2474304 13444
451 0.00 2467448 13444
456 0.00 2235880 13444
461 0.00 2423740 13444
466 0.00 2163048 13444
471 0.00 2417356 13444
476 0.00 2498456 13444
481 0.00 2189980 13444
487 0.00 1875908 13444
492 0.00 1645492 13444
497 0.00 1491924 13444
502 0.00 1355608 13444
507 0.00 1097572 13444
512 0.00 1455880 13444
517 0.00 1615468 13444
522 0.00 1344864 13444
527 0.00 1135988 13444
532 0.00 944752 13444
538 0.00 1356160 13444
543 0.00 1120284 13444
548 0.00 1190160 13444
553 0.00 914488 13444
558 0.00 962116 13444
563 0.00 874076 13444
568 0.00 1298928 13444
573 0.00 1164472 13444
578 0.00 865624 13444
583 0.00 975672 13444
588 0.00 917548 13444
593 0.00 1032404 13444
599 0.00 1188944 13444
604 0.00 1067416 13444
609 0.00 1143368 13444
614 0.00 1210064 13444
619 0.00 967932 13444
624 0.00 1253476 13444
629 0.00 1100244 13444
634 0.00 998576 13444
639 0.00 1075932 13444
644 0.00 1033292 13444
649 0.00 1396672 13444
655 0.00 1105016 13444
660 0.00 994332 13444
665 0.00 1365320 13444
670 0.00 1441688 13444
675 0.00 1333876 13444
680 0.00 1294432 13444
685 0.00 1082200 13444
690 0.00 1383324 13444
695 0.00 1297388 13444
700 0.00 1246116 13444
705 0.00 1293032 13444
711 0.00 1085600 13444
716 0.00 1439720 13444
721 0.00 1169888 13444
726 0.00 1280960 13444
731 0.00 1123552 13444
736 0.00 1550716 13444
741 0.00 1654812 13444
746 0.00 1600736 13444
751 0.00 1146028 13444
757 0.00 1172932 13444
762 0.00 1173880 13444
767 0.00 1089740 13444
772 0.00 1793904 13444
777 0.00 1500420 13444
782 0.00 1086056 13444
787 0.00 1075584 13444
792 0.00 1157692 13444
797 0.05 1209436 13444
802 0.05 1187044 13444
807 0.00 1252976 13444
812 0.00 724500 13444
818 0.00 890196 13444
823 0.76 728108 13444
828 0.75 776252 13444
833 0.00 762552 13444
838 0.05 772512 13444
843 0.00 833836 13444
848 0.00 729520 13444
853 0.30 714808 13444
858 5.66 733856 13444
863 0.30 761600 13444
868 0.40 764716 13444
873 0.35 742552 13444
878 0.00 722848 13444
883 0.10 710316 13444
888 0.40 731256 13444
893 0.00 723128 13444
899 0.00 714460 13444
904 0.00 967136 13444
909 0.00 872312 13444
914 0.00 1049748 13444
919 0.00 1367756 13444
924 0.00 845748 13444
929 0.00 869536 13444
934 0.00 785084 13444
939 0.00 887252 13444
944 0.00 851400 13444
949 0.00 929756 13444
955 0.00 955544 13444
960 0.00 1071888 13444
965 0.00 814824 13444
970 0.00 789184 13444
975 0.00 737428 13444
980 0.05 727072 13444
985 0.75 738180 13444
990 0.00 792104 13444
995 0.00 748208 13444
1000 0.30 788460 13444
1005 0.10 767724 13444
1010 0.15 725440 13444
1016 0.00 775952 13444
1021 0.85 732044 13444
1026 0.00 724324 13444
1031 1.20 745696 13444
1036 0.00 816116 13444
1041 0.10 830192 13444
1046 0.00 775620 13444
1051 0.00 790292 13444
1056 0.00 847164 13956
1061 0.00 912952 13956
1066 0.00 789412 13956
1071 0.20 782644 13956
1076 0.05 758388 13956
1082 0.00 805056 13956
1087 0.05 849616 13956
1092 0.00 831472 13956
1097 0.50 796844 13956
1102 0.05 751700 13956
1107 0.15 737876 13956
1112 0.00 729320 13956
1117 0.00 773780 13956
1122 0.05 725844 13956
1127 0.05 706268 13956
1132 0.00 702328 13956
1137 0.00 710620 13956
1143 0.05 677300 13956
1148 0.55 762484 13956
1153 0.00 788964 13956
1158 0.10 758648 13956
1163 0.05 786636 13956
1168 0.15 741744 13956
1173 0.65 751560 13956
1178 0.15 712132 13956
1183 0.25 724508 13956
1188 1.40 709972 14980
1193 2.06 696116 14980
1198 3.33 681876 14980
1203 6.44 791312 14980
1208 0.00 858116 14980
1213 0.00 914176 14980
1218 0.00 900796 14980
1224 0.00 944120 14980
1229 0.00 915448 14980
1234 0.00 914732 14980
1239 0.00 1563172 14980
1244 0.00 1181164 14980
1249 0.00 1564964 14980
1254 0.00 1088172 14980
1259 0.35 1044688 14980
1264 0.00 1136156 14980
1269 0.00 677140 14980
1274 0.05 832284 14980
1279 0.00 1063460 14980
1284 0.50 770076 14980
1290 1.36 656860 14980
1295 0.15 1027936 16772
1300 0.00 2019624 16772
1305 0.00 1607976 19844
1310 0.00 1011468 19844
1315 0.00 1015848 19844
1320 1.20 711000 19844
1325 0.15 1624436 19844
1330 0.00 1748904 19844
1335 0.00 2094020 19844
1340 0.10 798396 19844
1345 0.00 775364 19844
1350 0.00 731400 19844
1356 0.00 770744 19844
1361 0.00 719320 19844
1366 0.00 796388 19844
1371 0.00 760028 19844
1376 0.00 1020068 19844
1381 0.00 1048512 19844
1386 0.00 1375176 19844
1391 0.00 1471672 19844
1396 0.00 1107572 19844
1401 0.00 1240352 19844
1406 0.55 1491640 19844
1411 0.00 1125268 19844
1417 0.00 1499464 19844
1422 0.00 1617452 19844
1427 0.00 1782104 19844
1432 0.00 1637108 19844
1437 0.00 1546544 19844
1442 0.00 1369604 19844
1447 0.00 1554392 19844
1452 0.00 1641252 19844
1457 0.00 2018552 19844
1462 0.00 1599284 19844
1468 0.00 1441016 19844
1473 0.00 1628096 19844
1478 0.00 1559852 19844
1483 0.00 1811124 19844
1488 0.00 2157488 20868
1493 0.00 2405364 20868
1498 0.00 2042744 20868
1503 0.00 2333532 20868
1509 0.00 2695308 20868
1514 0.00 2936816 20868
1519 0.00 2761780 20868
1524 0.00 2644376 20868
1529 0.00 2894272 20868
1534 0.00 2240884 20868
1539 0.00 1811092 20868
1544 0.00 1575456 20868
1550 0.00 1982304 20868
1555 0.00 1268904 20868
1560 0.00 1040356 20868
1565 0.00 1127740 20868
1570 0.00 1140116 20868
1575 0.00 1429292 20868
1580 0.00 1139732 20868
1585 0.00 1369080 20868
1590 0.00 1375428 20868
1595 0.00 1568484 20868
1601 0.00 1807388 20868
1606 0.00 1690424 20868
1611 0.00 2143876 20868
1616 0.00 1447224 20868
1621 0.00 1477576 20868
1626 0.00 1501096 20868
1631 0.00 1366680 20868
1636 0.00 1202588 20868
1641 0.00 1308300 20868
1647 0.00 1466884 20868
1652 0.00 1681168 20868
1657 0.00 1767920 20868
1662 0.00 2173916 20868
1667 0.00 1464948 20868
1672 0.00 1922548 20868
1677 0.00 2021440 20868
1682 0.00 1546356 20868
1687 0.00 1630920 20868
1693 0.00 1931200 20868
1698 0.00 1686708 20868
1703 0.00 1935492 20868
1708 0.00 1571548 20868
1713 0.00 1749612 20868
1718 0.00 1460048 20868
1723 0.00 2116036 20868
1728 0.00 2344048 20868
1733 0.00 2731960 20868
1739 0.00 1594996 20868
1744 0.00 1890844 20868
1749 0.00 1904808 20868
1754 0.00 1689832 20868
1759 0.00 1934640 20868
