perf = [
% Time CPU_Idle Used_RAM Used_Swap
0 99.60 182932 12
5 77.35 143716 12
11 29.72 272024 12
16 0.00 294952 12
21 0.00 312656 12
26 0.00 326052 12
31 0.00 338780 12
36 0.00 352544 12
41 0.00 364296 12
46 0.00 377776 12
51 37.68 459384 12
56 1.00 468504 12
61 1.30 462172 12
66 0.70 466972 12
71 25.32 302484 12
76 15.30 428248 12
81 0.00 416120 12
86 25.40 294856 12
91 26.25 433916 12
96 1.91 456564 12
101 0.20 457708 12
106 0.20 460556 12
111 0.60 517180 12
117 0.00 532348 12
122 0.00 558368 12
127 0.00 627952 12
132 0.00 521324 12
137 0.00 514136 12
142 0.00 539332 12
147 0.00 661724 12
152 0.00 507132 12
157 0.00 565180 12
162 0.00 501840 12
167 0.00 592312 12
172 0.00 496328 12
177 15.92 512900 12
182 13.60 530660 12
187 0.00 512820 12
192 0.00 486068 12
198 8.92 516504 12
203 0.50 485596 12
208 0.00 504836 12
213 0.00 516020 12
218 0.40 498748 12
223 3.50 524184 12
228 9.90 514664 12
233 0.40 551516 12
238 0.50 522772 12
243 0.00 514300 12
248 0.20 511940 12
253 0.00 521460 12
258 0.00 508804 12
263 0.00 523528 12
268 0.00 523980 12
273 0.40 517608 12
278 8.83 514764 12
283 0.40 824044 12
288 0.10 826160 12
293 1.00 828308 12
298 0.00 858724 12
303 0.00 838156 12
309 0.30 866284 12
314 0.00 491856 12
319 0.00 478092 12
324 0.00 595804 12
329 0.00 591368 12
334 0.00 504692 12
339 0.60 498540 12
344 0.00 552568 12
349 0.00 579500 12
354 0.00 608156 12
359 0.00 566404 12
364 0.00 495168 12
369 0.00 544956 12
374 0.00 572836 12
379 0.00 721864 12
384 0.00 681024 12
389 0.00 673544 12
394 0.00 580992 12
399 0.00 637476 12
405 0.00 674672 12
410 0.00 710960 12
415 0.00 833740 12
420 0.00 1105308 12
425 0.00 887092 12
430 0.00 741584 12
435 0.00 985912 12
440 0.00 816292 12
445 0.00 623536 12
450 0.00 826960 12
455 0.00 1128720 12
460 0.00 973352 12
465 0.00 581188 12
470 0.00 580260 12
475 0.00 492160 12
480 14.49 545732 12
486 0.10 522336 12
491 0.30 536068 12
496 0.00 541264 12
501 15.06 572740 12
506 0.20 558920 12
511 0.50 555996 12
516 3.00 589968 12
521 0.00 574584 12
526 0.00 578044 12
531 0.10 559756 12
536 4.60 584424 12
541 24.78 591804 12
546 0.00 577912 12
551 0.20 582448 12
556 0.00 623224 12
561 0.00 659216 12
566 0.00 598532 12
571 0.00 618584 12
576 0.00 651536 12
581 0.00 601508 12
586 0.00 615408 12
592 0.00 602196 12
597 0.00 614984 12
602 0.00 672748 12
607 0.00 615804 12
612 0.00 695720 12
617 0.00 982320 12
622 0.00 652912 12
627 0.00 718116 12
632 0.00 636168 12
637 0.00 1006700 12
642 0.00 756216 12
647 0.00 655272 12
652 0.00 1306176 12
657 0.00 1455064 12
662 0.00 1512100 12
668 0.00 1522504 12
673 0.00 1358016 12
678 0.00 1373044 12
683 0.00 1449588 12
688 0.00 1707624 12
693 0.00 1765868 12
698 0.00 1361616 12
703 0.00 1494800 12
708 0.00 1498856 12
713 0.00 898672 12
718 0.00 1012060 12
723 0.00 1112388 12
728 0.00 1245676 12
733 0.00 1199652 12
738 0.00 1113784 12
744 0.00 1276644 12
749 0.00 708212 12
754 0.00 814656 12
759 0.00 748252 12
764 0.00 745840 12
769 0.00 771768 12
774 0.00 916660 12
779 0.00 1127832 12
784 0.00 1315032 12
789 0.00 1003436 12
794 0.00 1383364 12
799 0.00 1280712 12
804 0.00 945928 12
809 0.00 1004744 12
815 0.00 941452 12
820 0.00 912028 12
825 0.00 724348 12
830 0.00 838636 12
835 0.00 782812 12
840 0.00 893564 12
845 0.00 807672 12
850 0.00 914008 12
855 0.00 841916 12
860 0.00 1022788 12
865 0.00 862020 12
870 0.00 923960 12
876 0.00 959148 12
881 0.00 930444 12
886 0.00 792740 12
891 0.00 626736 12
896 0.00 796172 12
901 0.00 822152 12
906 0.00 836288 12
911 0.00 929556 12
916 0.00 872124 12
921 0.00 965736 12
926 0.00 786656 12
931 0.00 859692 12
936 0.00 882496 12
941 0.00 745584 12
947 0.00 818160 12
952 0.00 935344 12
957 0.00 940176 12
962 0.00 1112712 12
967 0.00 988712 12
972 0.00 1185888 12
977 0.00 1018800 12
982 0.00 776472 12
987 0.00 759780 12
992 0.00 828320 12
997 0.00 790764 12
1002 0.00 809192 12
1008 0.00 827428 12
1013 0.00 695976 12
1018 0.00 780956 12
1023 0.00 784356 12
1028 0.00 796924 12
1033 0.00 737480 12
1038 0.00 901248 12
1043 0.00 816988 12
1048 0.00 850928 12
1053 0.00 768488 12
1058 0.00 666688 12
1063 0.00 694596 12
1068 0.00 716052 12
1074 0.00 953868 12
1079 0.00 812268 12
1084 0.00 954248 12
1089 0.00 636948 12
1094 0.00 872324 12
1099 0.00 758896 12
1104 0.00 991900 12
1109 0.00 792360 12
1114 0.00 738244 12
1119 0.00 805212 12
1124 0.00 820544 12
1129 0.00 643880 12
1135 0.00 913952 12
1140 0.00 991908 12
1145 0.00 711288 12
1150 0.00 836608 12
1155 0.00 851340 12
1160 0.00 791132 12
1165 0.00 830796 12
1170 0.00 692688 12
1175 0.00 797724 12
1180 0.00 961548 12
1185 0.00 825064 12
1190 0.00 1076748 12
1195 0.00 1205084 12
1201 0.00 872068 12
1206 0.00 840432 12
1211 0.00 900368 12
1216 0.00 834684 12
1221 0.00 670784 12
1226 0.00 809352 12
1231 0.00 627000 12
1236 0.00 642408 12
1241 0.00 635364 12
1246 0.00 638892 12
1251 0.00 703012 12
1256 0.00 683240 12
1261 0.00 653976 12
1267 0.00 608720 12
1272 0.00 611976 12
1277 0.00 624284 12
1282 0.00 635956 12
1287 0.00 656596 12
1292 0.00 667764 12
1297 0.00 635228 12
1302 0.00 648312 12
1307 0.00 646040 12
1312 0.00 706820 12
1317 0.00 641360 12
1322 0.00 689344 12
1327 0.00 657136 12
1332 0.00 633336 12
1337 0.00 688096 12
1343 0.00 660836 12
1348 0.00 658320 12
1353 0.00 632232 12
1358 0.00 670096 12
1363 0.00 619756 12
1368 0.00 626616 12
1373 0.00 638992 12
1378 0.00 626688 12
1383 0.00 646064 12
1388 0.00 656564 12
1393 0.00 630092 12
1398 0.00 627088 12
1403 0.00 635356 12
1409 0.00 625672 12
1414 0.00 631364 12
1419 0.00 625612 12
1424 0.00 654516 12
1429 0.00 623920 12
1434 0.00 664020 12
1439 0.00 617092 12
1444 0.00 647716 12
1449 0.00 620820 12
1454 0.00 635040 12
1459 0.00 627024 12
1464 0.00 614664 12
1469 0.00 631084 12
1475 0.00 714448 12
1480 0.00 675928 12
1485 0.00 610412 12
1490 0.00 613380 12
1495 0.00 611652 12
1500 0.00 622008 12
1505 0.00 619300 12
1510 0.00 627792 12
1515 0.00 618180 12
1520 0.00 619356 12
1525 0.00 624972 12
1530 0.00 635044 12
1535 0.00 660972 12
1540 0.00 633004 12
1545 0.00 620396 12
1550 0.00 621156 12
1555 0.00 655364 12
1560 0.00 638868 12
1566 0.00 624464 12
1571 0.00 642660 12
1576 0.50 686752 12
1581 0.00 633704 12
1586 0.00 643364 12
1591 0.00 646496 12
1596 0.00 667452 12
1601 0.00 680020 12
1606 0.00 642832 12
1611 0.00 685880 12
1616 0.00 675164 12
1621 0.00 675588 12
1626 0.00 658652 12
1631 0.00 644184 12
1636 0.00 644308 12
1641 0.00 645764 12
1646 0.00 649200 12
1652 0.00 664756 12
1657 0.00 658660 12
1662 0.00 740952 12
1667 0.00 845352 12
1672 0.00 703960 12
1677 0.00 767432 12
1682 0.00 709924 12
1687 0.00 771816 12
1692 0.00 938904 12
1697 0.00 733616 12
1702 0.00 776152 12
1707 0.00 692908 12
1712 0.00 800892 12
1717 0.00 697484 12
1723 0.00 726928 12
1728 0.00 708544 12
1733 0.00 727244 12
1738 0.00 718268 12
1743 0.00 699084 12
1748 0.00 748644 12
1753 0.00 752044 12
1758 0.00 711084 12
1763 0.00 631108 12
1768 0.00 656104 12
1773 0.00 677612 12
1778 0.00 671632 12
1783 0.00 664508 12
1788 0.00 692156 12
1793 0.20 599748 12
1799 0.50 607400 12
1804 0.80 592968 12
1809 0.80 578380 12
1814 9.31 621236 12
1819 0.00 589016 12
1824 5.10 630160 12
1829 0.00 618344 12
1834 0.00 645996 12
1839 0.00 604288 12
1844 0.00 608004 12
1849 0.00 604128 12
1854 1.60 608684 12
1859 0.00 598732 12
1864 0.00 598304 12
1869 0.00 609396 12
1874 0.00 627132 12
1879 0.00 640736 12
1884 0.00 589780 12
1889 0.00 614408 12
1894 0.00 590528 12
1900 0.00 588796 12
1905 0.00 602184 12
1910 0.10 609344 12
1915 0.40 603024 12
1920 9.32 636352 12
1925 0.00 677808 12
1930 0.00 667980 12
1935 0.00 755536 12
1940 0.00 633128 12
1945 0.00 610360 12
1950 0.00 885092 12
1955 16.18 690704 12
1960 13.90 591284 12
1965 0.00 640376 12
1970 0.00 642828 12
1975 0.00 628216 12
1980 0.00 675284 12
1985 0.00 741408 12
1990 0.00 710248 12
1995 0.00 713680 12
2000 0.00 791196 12
2006 0.00 786936 12
2011 0.00 673364 12
2016 0.00 838276 12
2021 0.00 746496 12
2026 0.00 595472 12
2031 0.00 621764 12
2036 0.00 614232 12
2041 0.00 716316 12
2046 0.00 772096 12
2051 0.00 617176 12
